9
20
59
580 460
740 380
780 380
860 340
860 260
980 260
1020 60
1020 100
460 60
460 20
60 140
180 140
220 140
220 660
220 700
1020 540
940 540
940 500
1020 740
1020 780
1020 820
1100 740
1100 780
1100 820
60 60
100 60
140 60
1100 20
1100 100
260 780
300 660
20 700
60 700
100 700
20 780
60 780
100 780
500 140
540 140
620 140
700 140
140 140
180 220
180 300
180 260
220 300
260 300
340 300
340 340
20 140
100 140
180 380
220 380
260 380
300 380
740 300
660 300
940 340
1020 260
