TD_SAVE_V3
AUTO 0
MAP default
SIZE 31 21
MAPDATA
..........#...............#....
..........#...............#....
#######...###########.....#....
......#.............#.....#....
...####.............#.....#....
...#................#######....
...#...########.....#..........
...#...#......#.....#..........
...#####......#######..........
..............#................
.............***...............
..###########***......#####....
..#..........***......#...#....
..#...........#.......#...#....
..#...........#.......#...#....
..#####.......#.......#...#....
......#.......#.......#...#....
......#.......#.......#...#....
#######.......#########...#....
..........................#....
..........................#....
ENDMAP
TOWERS 70
580 460
1020 260
940 260
1020 540
780 300
740 300
220 300
260 300
780 180
780 220
780 260
860 580
860 620
860 660
1020 780
1020 820
1020 740
20 780
60 780
100 780
140 780
20 700
60 700
100 700
140 700
20 140
60 140
100 140
1020 20
1020 100
1020 140
460 60
540 60
660 60
700 60
740 60
780 60
820 60
860 140
540 540
540 620
540 660
220 700
20 60
60 60
100 60
140 60
1100 60
1100 100
1100 220
1100 260
980 500
1020 500
940 620
1100 140
1100 180
1060 260
980 260
900 260
860 260
860 340
860 380
780 380
700 380
660 380
660 300
620 300
460 420
500 420
60 580
ENEMIES 0
GAMESTATE
5 20 25 100 0 0 1 0
WAVECONFIG
100 1.15 0.8 1
STATS
79.3647 0
